target_goal:
  pick: {pose: [3.0926040189, -5.35759787477, 0.0], orientation: [0.0, 0.0, -0.726640833529, 0.687017539113]}
  place: {pose: [-0.444336328415, -1.17377339052, 0.0], orientation: [0.0, 0.0, 0.999926058061, 0.01216052671]}
  standby: {pose: [-0.177125378743, -3.28499569095, 0.0], orientation: [0.0, 0.0, -0.731552653546, 0.681784947832]}

arm_pose:
  box_: [-1.5752584532013243, 3.5582985346189275, 0.13039038930823227, 2.7094974298855266, -0.05459868057496181, 5.114600873497177, -3.0362755514376287]
  box_0: [-1.5752584532013243, 3.5582985346189275, 0.13039038930823227, 2.7094974298855266, -0.05459868057496181, 5.114600873497177, -3.0362755514376287]
  box_1: [-0.6403873109879252, 2.4667636123302548, 0.3329556898851904, 0.7380543497507827, 18.025501442286593, 4.356439124884078, -1.6410807432295593]
  box_2: [4.424292208401553, 2.030044475183338, -2.0623279797075513, 1.2911854513091883, 1.3864505850849032, 3.7906521491933978, 8.326409899755781]
  box_3: [4.849358551040773, 1.3655342510414754, -2.775857278979794, 1.4174286080427594, 1.6646000509224306, 4.380751921423738, 7.477647144542077]
  box_4: [4.404185075855346, 2.065297004848826, -1.9935630298328335, 0.9169860847017268, 1.9064446389897254, 3.7768135652210195, 7.753981532938662]
  box_5: [4.858688136971539, 1.0782076652455894, -2.6741628748584647, 1.2438040870911524, 1.766959712684062, 4.286947930980095, 6.978311897003272]
  box_6: [4.742531702866643, 1.4947976987673053, -2.4206027748398022, 0.7091555898140058, 1.814948810262854, 4.382965807237921, 6.946477001964683]
  standby: [-0.8995431785100347, 2.357372140026378, 1.1101914309891139, 1.1052637840241404, 5.506555867987332, 4.891699616579725, 4.751041035181664]
  pre_place: [4.5065884134588545, 3.8160650975793704, 6.67098257457591, 1.130235047143323, 9.463480082994847, 4.248850346322076, 6.051229302555864]
  place: [4.652952018544084, 4.326950474765848, 6.604097816430788, 1.2690858747934382, 9.368493649027208, 4.586990312032783, 6.0121133250969985]
  retreat_place: [4.498456184754189, 3.839897992490598, 0.39651875378168394, 1.1223029549945764, 3.173970567174649, 4.310125421947054, 6.060571139027645]
